1.702393297921757975e+00
-1.451539400102807686e+00
-1.142161405834064336e+00
3.885425751300042863e-01
-1.313847142333235407e+00
-4.418902361169140813e-01
7.208566388262043212e-01
-6.280693674375811275e-01
-2.546927300770516212e-01
-6.127342233132946347e+00
-5.213332515856565763e+00
-6.422331578367223015e-01
-4.839530528554648825e+00
-1.774856320856972758e+00
-2.695380183175623667e+00
-5.360806947386311805e+00
-1.495254461766178267e+00
1.139470703707461396e-01
2.923289829036033183e+00
7.055088083355073314e-01
1.926620870455088674e+00
3.388750337861801132e+00
1.603058509599252002e+00
1.746612466001632447e+00
3.358970031879767948e+00
1.905501457532677301e-01
2.057597895897028462e+00
2.415151300986208227e+00
1.577454495862894213e+00
2.878012332285149188e+00
-3.603048466133273120e+00
-1.428931396074927473e+00
-1.176581500453235396e+00
-3.954374891065324249e+00
-3.295352821453704895e+00
1.978243467175858195e+00
2.662643268487311587e+00
1.293806675099979930e+00
2.915887259476269477e+00
1.392536299655868781e-01
-1.646695372636492349e+00
-3.021403179018164464e-01
-2.611705364855584133e+00
-8.115397730313206326e-01
3.097913546236997107e+00
